0,0,0,0,0,0,0,0,0,0,0,0,0,0,0,0,0,0,0,0,0,0,0,0,0,0,0,0,0,0,0,0,0,0,0,0,0,0,0,0,0,0,0,0,0,0,0,0,0,0,
0,0,0,0,0,0,0,0,0,0,0,0,0,0,0,0,0,-1,-1,-33,-41,-41,-44,-74,-74,-73,-72,-71,-70,-69,-48,-65,-61,-56,-56,-56,-53,-50,-50,-45,-38,-33,-16,0,0,0,0,0,0,0,
0,0,0,0,0,0,0,0,0,0,0,0,0,0,0,-1,-1,-5,-18,-36,-39,-41,-41,-72,-73,-72,-69,-68,-67,-66,-67,-64,-59,-56,-55,-53,-50,-51,-47,-47,-42,-33,-17,-14,0,0,0,0,0,0,
0,0,0,0,0,0,0,0,0,0,0,0,0,0,-1,-1,-3,-12,-17,-27,-39,-41,-41,-51,-70,-114,-69,-68,-67,-66,-142,-81,-61,-83,-53,-51,-50,-49,-48,-44,-43,-38,-31,-21,-7,0,0,0,0,0,
0,0,0,0,0,0,0,0,0,0,0,0,0,0,0,-1,-5,-9,-14,-19,-32,-39,-41,-44,-78,-68,-67,-66,-65,-64,-590,-360,-254,-180,-52,-49,-48,-47,-46,-43,-42,-39,-32,-29,-11,0,0,0,0,0,
0,0,0,0,0,0,0,0,0,0,0,0,0,0,0,-1,-1,-5,-9,-14,-22,-36,-39,-41,-60,-66,-65,-64,-63,-62,-61,-784,-329,-55,-53,-50,-48,-45,-44,-42,-40,-40,-36,-26,-9,-7,0,0,0,0,
0,0,0,0,0,0,0,0,0,0,0,0,0,0,0,0,-1,-1,-7,-12,-17,-24,-39,-39,-46,-61,-62,-76,-60,-59,-58,-57,-563,-149,-74,-49,-45,-45,-43,-40,-41,-38,-37,-31,-24,-9,-5,0,0,0,
0,0,0,0,0,0,0,0,0,0,0,0,0,0,0,0,0,-1,-5,-7,-14,-19,-29,-37,-39,-45,-72,-61,-60,-59,-58,-57,-56,-240,-52,-51,-47,-42,-41,-40,-39,-36,-35,-33,-25,-20,-6,0,0,0,
0,0,0,0,0,0,0,0,0,0,0,0,0,0,0,0,0,0,-1,-5,-9,-14,-19,-32,-35,-36,-48,-85,-58,-57,-56,-55,-54,-410,-110,-49,-46,-42,-39,-38,-37,-36,-33,-32,-28,-22,-19,0,0,0,
0,0,0,0,0,0,0,0,0,0,0,0,0,0,0,0,0,0,-1,-1,-7,-9,-17,-24,-30,-31,-37,-51,-90,-136,-54,-53,-52,-51,-226,-49,-104,-43,-39,-38,-37,-33,-31,-31,-29,-26,-16,0,0,0,
0,0,0,0,0,0,0,0,0,0,0,0,0,0,0,0,0,0,0,-1,-5,-7,-14,-19,-24,-30,-32,-35,-56,-54,-100,-50,-49,-48,-49,-136,-45,-98,-40,-36,-35,-34,-30,-29,-28,-27,-21,0,0,0,
0,0,0,0,0,0,0,0,0,0,0,0,0,0,0,0,0,0,0,0,-1,-5,-9,-13,-16,-24,-28,-29,-36,-68,-51,-50,-49,-48,-47,-337,-171,-42,-41,-34,-32,-31,-30,-29,-26,-25,-24,0,0,0,
0,0,0,0,0,0,0,0,0,0,0,0,0,0,0,0,0,0,0,0,-1,0,-4,-8,-11,-17,-23,-25,-26,-41,-78,-48,-47,-46,-45,-44,-98,-40,-39,-36,-32,-29,-28,-27,-26,-22,-21,0,0,0,
0,0,0,0,0,0,3,0,3,0,0,0,0,0,0,0,0,0,0,0,0,0,0,-4,-7,-10,-13,-22,-22,-25,-44,-47,-94,-45,-44,-42,-42,-136,-39,-34,-33,-29,-28,-27,-23,-22,-21,0,0,0,
0,0,0,0,0,3,0,4,3,5,0,0,0,0,0,0,0,0,0,0,0,0,0,0,-4,-5,-8,-14,-20,-21,-29,-44,-42,-41,-40,-39,-38,-37,-128,-35,-33,-29,-25,-24,-23,-22,-19,0,0,0,
0,0,0,1,7,11,4,12,4,4,3,5,7,2,0,0,0,0,0,0,0,0,0,0,0,0,-3,-6,-14,-18,-19,-29,-42,-41,-40,-39,-38,-37,-36,-33,-32,-29,-25,-22,-21,-20,-19,0,0,0,
0,0,24,9,8,4,6,9,8,12,11,13,15,7,3,2,0,3,0,0,0,0,0,0,0,0,0,-3,-6,-13,-15,-16,-37,-100,-55,-37,-36,-35,-34,-33,-30,-27,-26,-22,-19,-18,-17,0,0,0,
0,5,0,8,16,12,14,17,16,18,13,21,13,11,4,4,7,2,6,1,0,4,1,0,0,0,0,0,-2,-6,-12,-13,-21,-47,-36,-36,-34,-33,-33,-32,-30,-26,-25,-23,-20,-16,-15,0,0,0,
0,11,9,7,12,20,19,15,21,13,14,13,12,19,11,12,4,3,1,9,4,12,9,1,4,2,0,0,0,0,-6,-11,-12,-26,-64,-32,-31,-30,-29,-28,-27,-26,-25,-24,-17,-16,-14,0,0,0,
0,9,11,11,12,12,11,10,13,14,22,14,20,12,15,17,11,7,9,12,11,4,7,9,1,6,5,0,0,0,0,-5,-8,-12,-26,-81,-31,-30,-29,-28,-27,-26,-23,-20,-19,-15,-12,0,0,0,
0,14,12,11,14,16,15,18,17,20,19,20,19,18,23,25,17,15,15,20,19,11,15,7,9,14,6,3,0,0,0,0,-5,-7,-10,-40,-80,-127,-27,-26,-25,-24,-23,-20,-17,-16,-12,0,0,0,
0,11,14,18,16,19,17,24,25,28,27,28,27,26,31,24,17,17,23,15,11,15,7,14,13,6,11,11,4,0,0,0,0,-3,-5,-18,-27,-27,-26,-24,-24,-23,-21,-20,-17,-15,-10,0,0,0,
0,13,18,23,22,19,18,16,24,20,19,20,23,31,23,28,25,21,23,15,18,23,15,17,18,13,15,13,12,4,0,0,0,0,0,-15,-21,-53,-22,-21,-20,-19,-18,-17,-16,-15,-11,0,0,0,
0,15,13,16,17,21,20,21,18,22,23,26,26,23,26,21,28,29,22,21,26,18,20,25,26,18,23,17,9,12,4,0,0,0,0,-10,-13,-19,-22,-21,-20,-19,-18,-17,-16,-13,-10,0,0,0,
0,13,18,24,25,29,28,29,21,21,26,34,34,26,34,28,36,37,30,22,18,25,28,20,18,25,19,25,17,16,12,4,0,0,0,-8,-10,-16,-19,-19,-18,-17,-16,-15,-14,-13,-10,0,0,0,
0,18,20,24,25,26,23,21,23,27,31,26,26,27,32,32,33,29,33,25,22,22,26,21,19,19,27,22,25,24,20,12,4,0,0,-5,-8,-13,-16,-18,-17,-16,-13,-14,-11,-10,-11,0,0,0,
0,22,21,20,25,25,26,29,27,35,27,29,32,35,40,32,36,33,41,33,30,30,27,23,27,23,28,20,28,26,23,15,7,0,0,0,-5,-10,-13,-16,-15,-14,-13,-12,-11,-10,-9,0,0,0,
0,21,21,23,28,29,31,32,33,27,31,37,40,33,32,34,32,37,33,39,38,38,35,31,30,31,36,28,36,34,31,23,15,7,0,0,0,-8,-10,-13,-13,-12,-11,-10,-9,-8,-7,0,0,0,
0,20,26,23,23,31,34,38,37,34,39,31,32,36,35,42,40,45,37,40,38,36,33,29,33,28,28,31,28,29,26,28,20,12,4,0,0,0,-8,-10,-11,-10,-9,-8,-7,-6,-5,0,0,0,
0,31,26,28,27,27,29,32,34,33,34,33,36,44,43,46,47,39,41,37,37,44,41,34,35,36,35,39,36,28,31,24,27,19,11,3,0,0,-5,-10,-8,-9,-8,-5,-6,-5,-2,0,0,0,
0,25,31,32,31,29,37,40,42,41,42,41,39,40,48,40,39,42,40,45,45,52,49,42,43,44,37,34,28,32,28,30,33,25,17,9,1,0,0,-5,-7,-7,-6,-5,-4,-3,-2,0,0,0,
0,15,28,30,31,32,29,33,39,39,40,39,38,39,40,43,42,50,48,47,48,49,44,45,38,39,34,42,36,40,36,35,35,30,22,14,6,0,0,0,-5,-5,-4,-3,-2,0,0,0,0,0,
0,3,23,31,33,34,37,36,37,39,40,42,43,42,43,51,46,53,47,55,56,57,49,53,46,43,38,37,39,37,44,41,39,33,27,20,12,4,0,0,-3,-3,-2,0,0,0,0,0,0,0,
0,0,18,26,34,38,39,43,41,44,48,50,51,50,49,53,54,50,46,47,48,49,51,45,48,51,46,41,47,41,41,40,39,39,33,25,17,9,1,0,0,0,0,0,0,0,0,0,0,0,
0,0,11,19,27,32,34,36,39,41,41,43,44,45,44,45,46,46,54,52,54,51,59,52,56,57,50,43,46,49,46,48,46,41,35,33,25,17,9,1,0,0,0,0,0,0,0,0,0,0,
0,0,10,18,26,34,42,43,45,48,49,50,52,53,52,51,52,53,61,60,62,56,57,60,64,56,55,51,44,51,54,47,47,44,39,35,30,22,14,6,0,0,0,0,0,0,0,0,0,0,
0,0,3,11,19,27,35,39,40,44,45,48,50,49,50,51,51,50,53,52,54,57,65,57,56,59,55,59,52,49,48,55,47,46,41,39,33,25,17,9,1,0,0,0,0,0,0,0,0,0,
0,0,2,10,18,26,34,42,47,49,51,54,55,57,58,59,59,58,56,55,55,59,57,59,63,67,61,54,56,54,56,51,51,50,47,41,39,31,23,15,7,0,0,0,0,0,0,0,0,0,
0,0,0,3,11,19,27,35,43,48,50,52,55,59,60,62,63,62,62,62,62,63,60,63,71,63,66,61,62,62,56,50,57,53,50,42,34,26,18,10,2,0,0,0,0,0,0,0,0,0,
0,0,0,0,5,13,21,29,37,45,53,54,56,59,60,63,63,64,66,66,66,67,66,65,63,66,74,69,62,70,64,57,54,55,50,47,39,31,23,15,7,0,0,0,0,0,0,0,0,0,
0,0,0,0,0,6,14,22,30,38,46,54,58,59,62,63,66,68,68,68,70,68,69,67,66,65,66,65,70,64,62,65,61,57,55,47,39,31,23,15,7,0,0,0,0,0,0,0,0,0,
0,0,0,0,0,0,7,15,23,31,39,47,55,59,59,60,66,67,70,70,72,67,68,68,73,73,71,73,66,72,68,73,65,57,55,47,39,31,23,15,7,0,0,0,0,0,0,0,0,0,
0,0,0,0,0,0,0,8,16,24,32,40,48,56,63,58,61,69,70,69,69,72,73,72,69,76,75,81,74,77,70,72,69,63,55,47,39,31,23,15,7,0,0,0,0,0,0,0,0,0,
0,0,0,0,0,0,0,1,9,17,25,33,41,49,56,61,57,62,67,62,66,68,69,72,73,72,71,73,77,85,78,80,77,69,61,53,45,37,29,21,13,5,0,0,0,0,0,0,0,0,
0,0,0,0,0,0,0,0,2,10,18,26,34,42,49,57,59,58,62,63,66,72,76,80,81,80,79,77,75,77,82,76,78,73,65,57,49,41,33,25,17,9,1,0,0,0,0,0,0,0,
0,0,0,0,0,0,0,0,0,2,10,18,26,34,42,50,58,53,55,60,62,67,73,77,85,84,83,85,83,81,83,84,86,78,70,62,54,46,38,30,22,14,6,0,0,0,0,0,0,0,
0,0,0,0,0,0,0,0,0,0,3,11,19,27,35,43,51,59,51,53,59,60,68,72,78,82,87,89,89,89,91,92,88,80,72,64,56,48,40,32,24,16,8,0,0,0,0,0,0,0,
0,0,0,0,0,0,0,0,0,0,0,3,11,19,27,35,43,51,43,45,51,52,60,64,70,74,79,81,81,81,83,84,80,72,64,56,48,40,32,24,16,8,0,0,0,0,0,0,0,0,
0,0,0,0,0,0,0,0,0,0,0,0,0,0,0,0,0,0,0,0,0,0,0,0,0,0,0,0,0,0,0,0,0,0,0,0,0,0,0,0,0,0,0,0,0,0,0,0,0,0,
0,0,0,0,0,0,0,0,0,0,0,0,0,0,0,0,0,0,0,0,0,0,0,0,0,0,0,0,0,0,0,0,0,0,0,0,0,0,0,0,0,0,0,0,0,0,0,0,0,0,
