0,0,0,0,0,0,0,0,0,0,0,0,0,0,0,0,0,0,0,0,0,0,0,0,0,0,0,0,0,0,0,0,0,
0,0,0,0,0,0,0,0,0,0,0,0,0,0,0,0,0,0,0,0,0,0,0,0,0,0,0,0,0,0,0,0,0,
0,0,0,0,0,0,0,0,0,0,0,0,0,0,0,0,0,0,0,0,0,0,0,0,0,0,0,0,0,0,0,0,0,
0,0,0,0,0,0,0,0,0,0,0,0,0,0,0,0,0,0,0,0,0,0,0,0,0,0,0,0,0,0,0,0,0,
0,0,0,0,0,0,0,0,0,0,0,0,0,0,0,0,0,0,0,0,-2,0,0,0,0,0,0,0,0,0,0,0,0,
0,0,0,0,0,0,0,0,0,0,0,0,0,0,0,0,-3,-3,-4,-9,-15,-5,-2,0,-2,0,-2,-4,-2,-3,0,0,0,
0,0,0,0,0,0,0,0,0,0,0,0,0,0,0,-3,-10,-11,-20,-17,-16,-11,-7,-4,-4,-2,-4,-7,-5,-5,-6,0,0,
0,0,0,0,0,0,0,0,0,0,0,0,0,-2,-5,-48,-95,-45,-19,-16,-16,-17,-14,-7,-7,-4,-7,-7,-10,-8,-8,-3,0,
0,0,0,0,0,0,0,0,-2,0,0,-2,-2,-2,-46,-155,-51,-87,-20,-20,-15,-16,-17,-12,-10,-7,-10,-10,-10,-10,-8,-9,-4,
0,0,0,0,0,0,-2,-2,-2,-2,-2,-2,-2,-5,-70,-52,-52,-111,-48,-19,-17,-15,-19,-18,-12,-10,-10,-10,-10,-11,-9,-13,-11,
0,0,-3,-3,-2,-2,-2,-2,-4,-4,-2,-5,-5,-5,-45,-55,-52,-52,-126,-47,-21,-16,-18,-17,-17,-15,-11,-10,-11,-13,-13,-13,-11,
0,-3,-5,-5,-5,-2,-4,-4,-4,-4,-4,-5,-5,-5,-40,-55,-50,-52,-52,-127,-48,-20,-13,-16,-15,-16,-13,-11,-13,-13,-11,-11,-12,
0,-7,-5,-5,-5,-2,-2,-4,-4,-4,-4,-4,-5,-5,-33,-50,-50,-52,-52,-52,-95,-41,-16,-15,-14,-15,-14,-13,-11,-11,-12,-9,-11,
0,-7,-5,-5,-5,-5,-2,-2,-4,-4,-4,-4,-2,-6,-29,-46,-47,-50,-52,-52,-183,-69,-30,-18,-14,-15,-13,-14,-11,-12,-9,-11,-11,
0,-5,-7,-5,-5,-5,-5,-2,-2,-4,-4,-4,-4,-9,-25,-43,-43,-50,-50,-52,-50,-154,-63,-28,-11,-12,-13,-12,-9,-11,-11,-8,-8,
0,-7,-5,-7,-5,-5,-5,-5,-2,-4,-4,-4,-4,-4,-23,-38,-38,-45,-50,-50,-49,-49,-149,-35,-13,-10,-8,-10,-11,-8,-8,-8,-11,
0,-7,-7,-7,-5,-5,-5,-5,-2,-2,-4,-4,-4,-7,-18,-31,-34,-41,-47,-49,-47,-47,-87,-57,-26,-13,-6,-6,-7,-8,-11,-10,-10,
0,-7,-7,-5,-7,-5,-5,-5,-5,-2,-2,-4,-4,-5,-15,-28,-31,-36,-43,-47,-45,-45,-44,-146,-62,-28,-8,-5,-6,-16,-10,-12,-12,
0,-7,-7,-7,-5,-7,-5,-5,-5,-5,-2,-4,-2,-2,-8,-22,-29,-34,-38,-42,-44,-43,-42,-41,-149,-53,-15,0,-3,-4,-12,-10,-10,
0,-7,-7,-7,-7,-5,-5,-5,-2,-2,-2,-2,-2,-2,-2,-20,-22,-29,-34,-38,-39,-41,-40,-40,-38,-101,-38,-8,-3,-7,-9,-11,-11,
0,-10,-7,-7,-5,-5,-4,-2,-2,-2,0,0,0,-2,0,-10,-22,-26,-29,-35,-38,-37,-38,-38,-36,-202,-82,-36,-12,-12,-13,-14,-14,
0,-10,-7,-5,-5,-3,-3,-2,0,0,0,0,0,0,0,0,-17,-22,-29,-30,-33,-35,-36,-36,-35,-33,-141,-22,-17,-17,-18,-16,-16,
0,-8,-8,-3,-3,-2,0,0,0,0,0,0,0,0,0,0,-8,-19,-22,-28,-29,-31,-32,-33,-33,-32,-30,-65,-19,-18,-17,-18,-16,
0,-9,-6,-5,0,0,0,0,0,0,0,0,0,0,0,0,0,-12,-22,-25,-25,-28,-28,-29,-32,-30,-29,-57,-21,-17,-20,-19,-16,
0,-7,-3,-3,0,0,0,0,0,0,0,0,0,0,0,0,0,0,-20,-22,-23,-23,-27,-27,-30,-29,-27,-27,-71,-19,-17,-17,-17,
0,-5,-5,-3,0,0,0,0,0,0,0,0,0,0,0,0,0,0,-3,-18,-19,-20,-23,-24,-24,-27,-25,-25,-24,-22,-19,-17,-17,
0,-6,-2,-2,0,0,0,0,0,0,0,0,0,0,0,0,0,0,0,-12,-17,-16,-17,-20,-20,-22,-24,-22,-22,-22,-19,-17,-15,
0,-3,-3,0,0,0,0,0,0,0,0,0,0,0,0,0,0,0,0,0,-14,-14,-17,-15,-17,-21,-19,-22,-20,-19,-19,-17,-15,
0,-1,-1,0,0,0,0,0,0,0,0,0,0,0,0,0,0,0,0,0,0,-10,-11,-14,-15,-17,-17,-20,-19,-17,-17,-15,-15,
0,-1,0,0,0,0,0,0,0,0,0,0,0,0,0,0,0,0,0,0,0,-7,-9,-9,-12,-13,-14,-16,-17,-14,-15,-12,-13,
0,0,0,0,0,0,0,0,0,0,0,0,0,0,0,0,0,0,0,0,0,0,-7,-7,-9,-9,-10,-12,-12,-15,-12,-13,-10,
0,-2,0,0,0,0,0,0,0,0,0,0,0,0,0,0,0,0,0,0,0,0,0,-4,-4,-7,-5,-10,-12,-13,-10,-10,-8,
0,-4,0,0,0,0,0,0,0,0,0,0,0,0,0,0,0,0,0,0,0,0,0,0,-2,-2,-5,-6,-8,-10,-8,-8,-6,
0,-4,0,0,0,0,0,0,0,0,0,0,0,0,0,0,0,0,0,0,0,0,0,0,0,0,0,-3,-6,-6,-6,-8,-5,
0,-2,0,0,0,0,0,0,0,0,0,0,0,0,0,0,0,0,0,0,0,0,0,0,0,0,0,-3,-3,-3,-5,-5,-3,
0,0,0,0,0,0,0,0,0,0,0,0,0,0,0,0,0,0,0,0,0,0,0,0,0,0,0,0,0,-3,-3,-2,-2,
0,0,0,0,0,0,0,0,0,0,0,0,0,0,0,0,0,0,0,0,0,0,0,0,0,0,0,0,0,0,0,0,0,
0,0,0,0,0,0,0,0,0,0,0,0,0,0,0,0,0,0,0,0,0,0,0,0,0,0,0,0,0,0,0,0,0,
