0,0,0,0,0,0,0,0,0,0,0,0,0,0,0,0,0,0,0,0,0,0,0,0,0,0,0,0,0,0,0,0,0,0,0,0,0,0,0,0,0,0,0,0,0,0,0,0,0,0,0,0,0,0,0,0,0,0,0,0,
0,0,0,0,0,0,0,0,0,0,0,0,0,0,0,0,0,0,0,0,0,0,0,0,0,0,0,0,0,0,0,0,0,0,0,0,0,0,0,0,0,0,0,0,0,0,0,0,0,0,0,0,0,0,0,0,0,0,0,0,
0,0,0,0,0,0,0,0,0,0,0,0,0,0,0,0,0,0,0,0,0,0,0,0,0,0,0,0,0,0,0,0,0,0,0,0,0,0,0,0,0,0,0,0,0,0,0,0,0,0,0,0,0,0,0,0,0,0,0,0,
0,0,0,0,0,0,0,0,0,0,0,0,0,0,0,0,0,0,0,0,0,0,0,0,0,0,0,0,0,0,0,0,0,0,0,0,0,0,0,0,0,0,0,0,0,0,0,0,0,0,0,0,0,0,0,0,0,0,0,0,
0,0,0,0,0,0,0,0,0,0,0,0,0,0,0,0,0,0,0,0,0,0,0,0,0,0,0,0,0,0,0,0,0,0,0,0,0,0,0,0,0,0,0,0,0,0,0,0,0,0,0,0,0,0,0,0,0,0,0,0,
0,0,0,0,0,0,0,0,0,0,0,0,0,0,0,0,0,0,0,0,0,0,0,0,0,0,0,0,0,0,0,0,0,0,0,0,0,0,0,0,0,0,0,0,0,0,0,0,0,0,0,0,0,0,0,0,0,0,0,0,
0,0,0,0,0,0,0,0,0,0,0,0,0,0,0,0,0,0,0,0,0,0,0,0,0,0,0,0,0,0,0,0,0,0,0,0,0,0,0,0,0,0,0,0,0,0,0,0,0,0,0,0,0,0,0,0,0,0,0,0,
0,0,0,0,0,0,0,0,0,0,0,0,0,0,0,0,0,0,0,0,0,0,0,0,0,0,0,0,0,0,0,0,0,0,0,0,0,0,0,0,0,0,0,0,0,0,0,0,0,0,0,0,0,0,0,0,0,0,0,0,
0,0,0,0,0,0,0,0,0,0,0,0,0,0,0,0,0,0,0,0,0,0,0,0,0,0,0,0,0,0,0,0,0,0,0,0,0,0,0,0,0,0,0,0,0,5,3,0,0,0,0,0,0,0,0,0,0,0,0,0,
0,0,0,0,0,0,0,0,0,0,0,0,0,0,0,0,0,0,1,0,0,0,0,0,0,0,0,0,0,0,0,0,0,0,0,0,0,0,0,0,0,0,0,0,7,13,11,4,0,0,0,0,0,0,0,0,0,0,0,0,
0,0,0,0,0,0,0,0,0,0,0,0,0,0,0,0,0,1,9,2,0,0,0,0,0,0,0,0,0,0,0,0,0,0,0,0,0,0,0,0,0,0,0,7,15,21,19,12,4,0,0,0,0,0,0,0,0,0,0,0,
0,0,0,0,0,0,0,0,0,0,0,0,0,0,0,0,1,9,17,10,3,0,0,0,0,0,0,0,0,0,0,0,0,0,0,0,0,0,0,0,0,0,7,15,23,29,27,20,12,4,0,0,0,0,0,0,0,0,0,0,
0,0,0,0,0,0,0,0,0,0,0,0,0,0,0,1,9,17,25,18,11,3,0,0,0,0,0,0,0,0,0,0,0,0,0,0,0,0,0,0,0,7,15,23,31,37,35,28,20,12,4,0,0,0,0,0,0,0,0,0,
0,0,0,0,0,0,0,0,0,0,0,0,0,0,1,9,17,25,33,26,19,11,3,0,0,0,0,0,0,0,0,0,0,0,0,0,0,0,0,0,7,15,23,31,39,35,43,36,28,20,12,4,0,0,0,0,0,0,0,0,
0,0,0,0,0,0,0,0,0,0,0,0,0,1,9,17,25,33,41,34,27,19,11,3,0,0,0,0,0,0,0,0,0,0,0,0,0,0,0,0,3,11,19,27,35,43,35,33,25,17,9,1,0,0,0,0,0,0,0,0,
0,0,0,0,0,0,0,0,0,0,0,0,1,9,17,25,33,41,49,42,35,27,19,11,3,0,0,0,0,0,0,0,0,0,0,0,0,0,0,0,7,15,23,31,39,35,41,41,33,25,17,9,1,0,0,0,0,0,0,0,
0,0,0,0,0,0,0,0,0,0,0,1,9,17,25,33,41,49,57,50,43,35,27,19,11,3,0,0,0,0,0,0,1,0,0,0,0,0,0,0,6,14,19,27,31,34,33,40,32,24,16,8,0,0,0,0,0,0,0,0,
0,0,0,0,0,0,0,0,0,0,1,9,17,25,33,41,49,57,65,58,51,43,35,27,19,11,3,0,0,3,6,6,9,8,8,5,8,8,5,8,11,15,23,28,36,36,37,37,29,21,13,5,0,0,0,0,0,0,0,0,
0,0,0,0,0,0,0,0,0,1,9,17,25,33,41,49,57,65,73,66,59,51,43,35,27,19,11,3,0,3,6,6,9,8,8,5,8,8,5,8,15,23,15,20,28,28,29,29,21,13,5,0,0,0,0,0,0,0,0,0,
0,0,0,0,0,0,0,0,1,9,17,25,33,41,49,57,65,73,81,74,67,59,51,43,35,27,19,11,3,3,6,9,9,8,8,5,8,8,5,8,12,15,21,28,32,33,32,32,24,16,8,0,0,0,0,0,0,0,0,0,
0,0,0,0,0,0,0,1,9,17,25,33,41,49,57,65,73,81,89,82,75,67,59,51,43,35,27,19,11,3,6,9,9,8,8,5,8,6,5,8,12,17,16,20,24,25,24,24,16,13,5,0,0,0,0,0,0,0,0,0,
0,0,0,0,0,0,0,0,7,15,23,31,39,47,55,63,71,79,84,84,83,75,67,59,51,43,35,27,19,11,3,1,3,3,3,5,5,6,5,5,5,9,17,25,24,24,24,16,13,9,1,0,0,0,0,0,0,0,0,0,
0,0,0,0,0,0,0,7,15,23,31,39,47,55,63,71,79,87,92,92,91,83,75,67,59,51,43,35,27,19,11,9,6,8,8,5,8,8,5,10,7,10,18,26,23,23,25,17,16,13,5,0,0,0,0,0,0,0,0,0,
0,0,0,0,0,0,0,1,9,17,25,33,41,49,57,65,73,79,84,84,83,75,67,59,51,43,35,27,19,11,3,1,0,0,0,0,0,0,0,2,9,10,15,23,24,24,17,9,8,5,0,0,0,0,0,0,0,0,0,0,
0,0,0,0,0,0,0,6,14,22,30,38,46,54,62,70,78,86,88,83,85,77,69,61,53,45,37,29,21,13,5,0,0,0,0,0,0,0,0,0,1,9,17,15,16,16,22,14,11,12,4,0,0,0,0,0,0,0,0,0,
0,0,0,0,0,0,0,1,9,17,25,33,41,49,57,65,73,78,80,84,83,75,67,59,51,43,35,27,19,11,3,0,0,0,0,0,0,0,0,0,2,10,18,18,19,12,14,8,6,4,0,0,0,0,0,0,0,0,0,0,
0,0,0,0,0,0,0,3,11,19,27,35,43,51,59,67,75,83,82,76,84,76,68,60,52,44,36,28,20,12,4,0,0,0,0,0,0,0,0,0,0,5,10,10,11,16,8,0,0,0,0,0,0,0,0,0,0,0,0,0,
0,0,0,0,0,0,0,3,11,19,27,35,43,51,59,67,75,75,74,76,78,70,62,54,46,38,30,22,14,6,0,0,0,0,0,0,0,0,0,0,0,4,12,12,12,8,0,0,0,0,0,0,0,0,0,0,0,0,0,0,
0,0,0,0,0,0,0,0,7,15,23,31,39,47,55,63,71,79,79,76,70,62,54,46,38,30,22,14,6,0,0,0,0,0,0,0,0,0,0,0,0,7,12,12,12,4,0,0,0,0,0,0,0,0,0,0,0,0,0,0,
0,0,0,0,0,0,0,4,12,20,28,36,44,52,60,68,76,71,71,69,62,54,46,38,30,22,14,6,0,0,0,0,0,0,0,0,0,0,0,0,0,0,6,8,9,1,0,0,0,0,0,0,0,0,0,0,0,0,0,0,
0,0,0,0,0,0,0,0,8,16,24,32,40,48,56,64,68,68,69,71,63,55,47,39,31,23,15,7,0,0,0,0,0,0,0,0,0,0,0,0,0,0,0,0,1,0,0,0,0,0,0,0,0,0,0,0,0,0,0,0,
0,0,0,0,0,0,0,0,8,16,24,32,40,48,56,64,72,70,72,72,64,56,48,40,32,24,16,8,0,0,0,0,0,0,0,0,0,0,0,0,0,0,0,0,0,0,0,0,0,0,0,0,0,0,0,0,0,0,0,0,
0,0,0,0,0,0,0,0,4,12,20,28,36,44,52,56,64,62,64,64,56,48,40,32,24,16,8,0,-1,0,0,0,0,0,-2,-3,-3,-3,-3,-3,0,0,0,0,0,0,0,0,0,0,0,0,0,0,0,0,0,0,0,0,
0,0,0,0,0,0,0,0,6,14,22,30,38,46,54,62,67,66,63,56,48,40,32,24,16,8,0,0,-4,-4,-4,-4,-2,-2,-4,-5,-3,-5,-3,-3,-2,-2,0,0,0,0,0,0,0,0,0,0,0,0,0,0,0,0,0,0,
0,0,0,0,0,0,0,0,7,15,23,31,39,47,55,63,59,58,59,51,43,35,27,19,11,3,0,-1,-6,-6,-6,-4,-4,-4,-4,-6,-6,-5,-5,-5,-5,-2,-2,0,0,0,0,0,0,0,0,0,0,0,0,0,0,0,0,0,
0,0,0,0,0,0,0,0,5,13,21,29,37,45,53,55,58,60,60,52,44,36,28,20,12,4,0,-2,-6,-8,-8,-8,-4,-6,-6,-8,-8,-8,-8,-7,-6,-5,-4,-4,-3,0,0,0,0,0,0,0,0,0,0,0,0,0,0,0,
0,0,0,0,0,0,0,0,5,13,21,29,37,45,53,60,59,61,60,52,44,36,28,20,12,4,0,-2,-6,-8,-8,-8,-5,-7,-7,-8,-10,-10,-10,-9,-9,-8,-6,-6,-6,0,0,0,0,0,0,0,0,0,0,0,0,0,0,0,
0,0,0,0,0,0,0,0,1,9,17,25,33,41,46,52,51,53,52,44,36,28,20,12,4,0,0,-2,-6,-8,-8,-10,-7,-7,-7,-10,-10,-12,-10,-12,-11,-9,-8,-8,-7,0,0,0,0,0,0,0,0,0,0,0,0,0,0,0,
0,0,0,0,0,0,0,0,6,14,22,30,38,46,54,56,54,51,44,36,28,20,12,4,0,0,0,-2,-5,-5,-5,-22,-7,-9,-7,-11,-10,-14,-12,-14,-14,-11,-11,-11,-9,0,0,0,0,0,0,0,0,0,0,0,0,0,0,0,
0,0,0,0,0,0,0,0,1,9,17,25,33,41,46,48,46,47,39,31,23,15,7,0,0,0,0,-5,-5,-5,-8,-7,-6,-7,-5,-9,-8,-7,-15,-14,-15,-14,-7,-13,-9,0,0,0,0,0,0,0,0,0,0,0,0,0,0,0,
0,0,0,0,0,0,0,0,3,11,19,27,35,43,51,45,47,47,39,31,23,15,7,0,0,0,0,-5,-5,-5,-8,-7,-9,-9,-10,-12,-11,-9,-14,-6,-14,-13,-15,-14,-9,0,0,0,0,0,0,0,0,0,0,0,0,0,0,0,
0,0,0,0,0,0,0,0,0,4,12,20,28,36,43,47,48,48,40,32,24,16,8,0,0,0,0,-5,-8,-8,-10,-10,-9,-10,-13,-12,-13,-13,-10,-32,-25,-24,-23,-5,0,0,0,0,0,0,0,0,0,0,0,0,0,0,0,0,
0,0,0,0,0,0,0,0,3,11,19,27,35,43,46,39,40,40,32,24,16,8,0,0,0,0,0,-5,-7,-11,-11,-12,-11,-11,-15,-16,-14,-16,-15,-12,-12,-12,-10,-2,0,0,0,0,0,0,0,0,0,0,0,0,0,0,0,0,
0,0,0,0,0,0,0,0,0,7,15,23,31,35,38,43,40,32,24,16,8,0,0,0,0,0,0,-5,-5,-14,-13,-11,-13,-14,-17,-18,-18,-17,-15,-33,-14,-14,-12,-2,0,0,0,0,0,0,0,0,0,0,0,0,0,0,0,0,
0,0,0,0,0,0,0,0,2,10,18,26,34,42,42,35,38,30,22,14,6,0,0,0,0,0,0,-4,-4,-17,-15,-13,-15,-16,-21,-19,-20,-38,-16,-29,-16,-14,-12,-2,0,0,0,0,0,0,0,0,0,0,0,0,0,0,0,0,
0,0,0,0,0,0,0,0,0,4,12,20,28,34,34,34,39,31,23,15,7,0,0,0,0,0,0,-4,-7,-31,-18,-16,-18,-23,-22,-21,-18,-32,-15,-25,-18,-14,-16,-2,0,0,0,0,0,0,0,0,0,0,0,0,0,0,0,0,
0,0,0,0,0,0,0,0,1,9,17,25,33,37,37,32,31,23,15,7,0,0,0,0,0,0,0,-2,-2,-19,-17,-16,-26,-25,-25,-18,-23,-15,-7,-18,-21,-16,-18,-2,0,0,0,0,0,0,0,0,0,0,0,0,0,0,0,0,
0,0,0,0,0,0,0,0,0,1,9,17,25,29,29,32,24,16,8,0,0,0,0,0,0,0,0,0,0,-14,-20,-21,-22,-29,-35,-58,-21,-23,-51,-23,-23,-18,-15,0,0,0,0,0,0,0,0,0,0,0,0,0,0,0,0,0,
0,0,0,0,0,0,0,0,0,8,16,24,32,33,31,30,22,14,6,0,0,0,0,0,0,0,0,0,0,-3,-10,-16,-17,-19,-20,-21,-7,-14,-28,-25,-25,-18,-12,0,0,0,0,0,0,0,0,0,0,0,0,0,0,0,0,0,
0,0,0,0,0,0,0,0,0,4,12,20,24,25,28,28,20,12,4,0,0,0,0,0,0,0,0,0,0,0,0,-3,-3,-5,-8,-8,-10,-13,-28,-27,-27,-10,-5,0,0,0,0,0,0,0,0,0,0,0,0,0,0,0,0,0,
0,0,0,0,0,0,0,0,0,2,10,18,23,22,20,20,12,4,0,0,0,0,0,0,0,0,0,0,0,0,0,0,0,-2,-5,-5,-12,-13,-21,-20,-15,-3,0,0,0,0,0,0,0,0,0,0,0,0,0,0,0,0,0,0,
0,0,0,0,0,0,0,0,0,4,12,20,24,26,26,18,10,2,0,0,0,0,0,0,0,0,0,0,0,0,0,0,0,0,-3,-3,-8,-10,-10,-7,-5,0,0,0,0,0,0,0,0,0,0,0,0,0,0,0,0,0,0,0,
0,0,0,0,0,0,0,0,0,0,4,12,16,18,18,10,2,0,0,0,0,0,0,0,0,0,0,0,0,0,0,0,0,0,0,0,0,0,0,0,0,0,0,0,0,0,0,0,0,0,0,0,0,0,0,0,0,0,0,0,
0,0,0,0,0,0,0,0,0,0,0,0,0,0,0,0,0,0,0,0,0,0,0,0,0,0,0,0,0,0,0,0,0,0,0,0,0,0,0,0,0,0,0,0,0,0,0,0,0,0,0,0,0,0,0,0,0,0,0,0,
0,0,0,0,0,0,0,0,0,0,0,0,0,0,0,0,0,0,0,0,0,0,0,0,0,0,0,0,0,0,0,0,0,0,0,0,0,0,0,0,0,0,0,0,0,0,0,0,0,0,0,0,0,0,0,0,0,0,0,0,
