0,0,0,0,0,0,0,0,0,0,0,0,0,0,0,0,0,0,0,0,0,0,0,0,0,0,0,0,0,0,0,0,0,0,0,0,0,0,0,0,0,0,0,0,0,0,0,0,0,0,
0,0,0,5,13,0,5,5,0,0,0,17,14,17,17,13,0,15,15,33,6,28,31,26,17,22,17,0,5,8,0,0,0,0,0,0,0,0,0,0,0,0,0,0,0,0,0,0,0,0,
0,24,5,12,5,13,7,2,6,3,0,4,14,18,19,22,26,19,22,21,33,12,15,16,22,24,22,21,17,9,6,4,0,0,0,0,0,0,0,0,0,0,0,0,0,0,0,0,0,0,
0,0,24,20,13,8,15,7,3,8,7,3,11,14,18,19,24,27,30,29,24,20,22,24,18,25,22,22,25,17,9,12,4,0,0,0,0,0,0,0,0,0,0,0,0,0,0,0,0,0,
0,10,4,12,17,16,23,15,10,6,7,7,9,17,16,21,23,22,25,21,21,23,30,32,25,33,25,27,23,23,17,17,9,3,0,0,0,0,0,0,0,0,0,0,0,0,0,0,0,0,
0,22,12,12,15,23,15,18,14,14,7,7,7,9,17,19,21,29,33,28,28,31,32,26,29,25,33,27,31,31,25,25,17,11,5,0,0,0,0,0,0,0,0,0,0,0,0,0,0,0,
0,10,20,14,14,15,18,26,18,10,15,15,12,7,9,15,23,25,30,36,36,28,27,34,37,29,34,31,35,34,33,33,25,17,13,8,0,0,0,0,0,0,0,0,0,0,0,0,0,0,
0,34,21,18,22,22,19,18,18,17,17,15,15,12,7,8,16,20,26,31,36,36,35,42,34,34,42,38,43,42,34,27,25,20,21,16,8,0,0,0,0,0,0,0,0,0,0,0,0,0,
0,12,15,19,22,30,27,23,26,22,19,19,17,14,14,6,8,15,23,29,32,36,33,34,39,38,34,31,39,40,36,35,33,28,23,24,16,8,0,0,0,0,0,0,0,0,0,0,0,0,
0,32,17,21,26,22,23,31,23,29,21,20,21,19,14,11,4,12,20,26,32,37,41,37,39,38,37,37,34,37,43,43,37,36,31,32,24,16,8,0,0,0,0,0,0,0,0,0,0,0,
0,17,28,29,21,23,27,26,26,24,29,28,21,21,22,19,11,7,15,23,29,35,40,43,42,40,38,40,42,43,51,51,43,38,36,31,29,21,13,5,0,0,0,0,0,0,0,0,0,0,
0,22,31,32,28,31,35,34,31,32,28,36,28,22,24,19,17,9,11,19,27,33,39,44,50,48,40,48,40,41,43,43,49,46,44,39,31,23,18,10,2,0,0,0,0,0,0,0,0,0,
0,29,20,28,29,29,31,39,39,40,36,30,35,30,24,22,20,17,9,12,20,28,36,40,45,49,47,49,47,43,45,49,57,54,46,38,33,30,26,18,10,3,0,0,0,0,0,0,0,0,
0,12,30,36,37,37,34,31,31,32,33,32,35,34,26,30,28,22,14,9,17,25,33,38,44,47,53,57,49,51,48,56,49,46,41,43,41,38,34,26,18,11,3,0,0,0,0,0,0,0,
0,2,22,30,32,33,33,32,32,39,41,40,42,42,34,32,30,28,20,12,10,18,26,34,39,45,48,54,57,53,46,48,52,52,47,50,49,41,42,34,26,19,11,4,0,0,0,0,0,0,
0,34,30,38,35,41,41,40,40,47,39,42,50,42,41,38,30,32,27,20,12,16,24,32,40,48,56,54,59,61,54,52,60,60,55,58,50,49,50,42,34,27,19,12,4,0,0,0,0,0,
0,21,31,30,32,36,44,45,40,39,40,42,42,39,38,46,38,32,29,27,19,12,16,24,32,40,48,52,55,60,62,55,52,57,57,54,54,57,49,44,37,35,27,20,12,4,0,0,0,0,
0,34,26,34,40,35,36,39,42,40,42,50,44,45,45,39,46,38,37,31,23,20,17,25,33,41,49,57,59,58,63,63,57,65,65,62,62,65,57,52,45,43,35,28,20,12,4,0,0,0,
0,12,34,42,35,36,39,47,50,48,50,42,45,53,53,47,46,41,37,39,31,28,20,18,26,34,42,50,58,56,59,64,61,57,62,70,68,68,60,52,53,45,41,36,28,20,12,4,0,0,
0,31,47,40,42,40,46,44,48,53,45,47,46,49,50,52,54,49,45,39,35,36,28,20,22,30,38,46,54,62,55,60,66,62,59,63,60,61,57,58,61,53,47,44,36,28,20,12,0,0,
0,30,38,37,40,43,41,42,45,45,47,46,54,57,58,60,53,57,49,47,41,44,36,28,20,24,32,40,48,54,61,62,68,69,67,61,67,69,64,66,69,61,53,52,44,36,28,20,0,0,
0,37,26,34,32,37,42,41,45,50,55,54,60,52,50,52,51,56,54,55,49,44,38,32,24,25,33,41,49,57,65,70,71,72,64,68,75,77,72,74,67,59,60,60,52,44,36,28,0,0,
0,22,39,42,39,45,50,49,53,56,56,50,52,53,53,56,59,51,54,54,57,49,46,38,30,22,25,33,41,49,57,63,64,64,65,69,67,72,80,80,72,64,66,64,60,52,44,36,0,0,
0,7,40,45,44,43,48,49,50,48,49,54,55,55,55,57,56,59,59,60,57,55,48,45,38,30,24,32,40,48,56,64,72,66,71,77,73,70,72,72,68,72,74,72,68,60,52,44,0,0,
0,18,40,41,37,45,49,53,53,56,56,62,63,63,63,65,64,59,67,59,65,60,54,53,46,38,30,30,38,46,54,62,70,72,73,79,76,78,77,76,74,80,75,69,64,64,56,48,0,0,
0,7,36,39,45,44,44,46,47,50,53,55,63,66,61,64,62,62,65,67,60,68,62,57,51,43,35,27,33,41,49,57,65,73,74,74,80,77,85,84,82,88,80,72,65,61,60,52,0,0,
0,7,34,39,40,40,45,53,55,58,59,63,59,66,69,72,70,70,73,75,67,61,63,65,57,49,41,33,34,42,50,58,66,74,82,79,75,81,77,80,84,80,83,78,71,69,68,60,0,0,
0,7,32,38,41,44,47,46,54,59,59,63,55,59,62,64,68,68,76,68,70,67,71,73,65,57,49,41,33,35,43,51,59,67,75,80,76,78,80,88,83,83,91,86,78,77,76,68,0,0,
0,4,30,38,41,44,50,47,49,54,62,58,56,61,67,68,70,71,68,71,78,75,74,81,73,65,57,49,41,33,39,47,55,63,71,79,84,80,80,80,80,88,86,94,86,85,81,73,0,0,
0,3,32,37,43,49,49,55,54,55,57,61,59,58,66,74,78,79,72,79,73,81,82,76,79,72,64,56,48,40,35,43,51,59,67,75,83,88,88,86,88,85,91,86,91,93,85,77,0,0,
0,0,29,33,38,44,50,48,50,48,56,61,59,54,59,66,70,72,73,71,77,73,74,73,73,80,72,64,56,48,40,37,45,53,61,69,77,85,88,94,92,93,88,91,99,92,84,76,0,0,
0,0,22,30,34,39,45,51,45,47,52,60,54,59,66,71,77,80,81,77,85,77,79,81,80,88,80,72,64,56,48,40,39,47,55,63,71,79,87,87,90,94,96,99,92,85,78,70,0,0,
0,0,15,23,31,36,40,46,41,44,48,53,46,54,60,65,73,81,82,83,77,82,87,89,81,83,80,72,67,59,51,43,40,40,48,56,64,72,80,80,83,87,95,92,85,77,70,62,0,0,
0,0,8,16,24,32,37,44,41,41,43,45,51,57,63,61,66,74,78,81,79,82,79,81,83,83,76,80,75,67,59,51,48,40,40,48,56,64,72,72,76,80,88,85,77,69,62,54,0,0,
0,0,1,9,17,25,33,38,38,37,41,41,45,52,58,59,67,72,80,81,83,83,86,84,87,82,84,83,83,75,67,59,56,48,40,40,48,56,64,64,68,73,81,77,69,61,54,46,0,0,
0,0,0,2,10,18,26,34,34,35,39,41,43,45,52,60,66,74,79,87,91,91,87,87,95,90,89,91,89,81,73,67,64,56,48,40,40,48,56,56,60,65,73,69,61,53,46,38,0,0,
0,0,0,0,3,11,19,27,26,27,32,36,44,44,48,53,61,67,72,80,88,92,95,92,87,90,97,98,90,82,74,75,72,64,56,48,40,40,48,48,52,57,65,61,53,45,38,30,0,0,
0,0,0,0,0,3,11,19,18,19,25,29,37,45,46,48,53,60,68,73,81,89,95,97,95,98,100,93,85,77,76,72,80,72,64,56,48,40,40,40,44,49,57,53,45,37,30,22,0,0,
0,0,0,0,0,0,3,11,10,11,17,22,30,38,44,49,51,53,61,69,74,82,90,95,100,101,93,86,78,73,71,75,77,69,61,53,45,37,32,32,36,41,49,45,37,29,22,14,0,0,
0,0,0,0,0,0,0,3,2,3,9,14,22,30,36,44,51,53,53,61,67,75,83,90,95,94,89,81,81,73,79,83,76,69,61,53,45,37,29,24,28,33,41,37,29,21,14,6,0,0,
0,0,0,0,0,0,0,0,0,0,1,6,14,22,30,38,46,54,56,56,60,68,76,83,88,89,82,74,80,75,82,77,70,63,55,47,39,31,23,16,20,25,33,29,21,13,6,0,0,0,
0,0,0,0,0,0,0,0,0,0,0,0,6,14,22,30,38,46,54,59,60,63,68,75,83,82,83,81,74,82,79,72,65,57,49,41,33,25,17,9,12,17,25,21,13,5,0,0,0,0,
0,0,0,0,0,0,0,0,0,0,0,0,0,6,14,22,30,38,46,52,60,61,62,67,75,74,75,83,79,82,75,68,60,52,44,36,28,20,12,4,4,9,17,13,5,0,0,0,0,0,
0,0,0,0,0,0,0,0,0,0,0,0,0,0,6,14,22,30,38,45,53,61,65,64,67,69,71,79,87,80,73,65,57,49,41,33,25,17,9,1,0,1,9,5,0,0,0,0,0,0,
0,0,0,0,0,0,0,0,0,0,0,0,0,0,0,6,14,22,30,38,46,54,60,66,69,69,65,72,80,73,65,57,49,41,33,25,17,9,1,0,0,0,1,0,0,0,0,0,0,0,
0,0,0,0,0,0,0,0,0,0,0,0,0,0,0,0,6,14,22,30,38,46,53,59,64,62,58,64,72,65,57,49,41,33,25,17,9,1,0,0,0,0,0,0,0,0,0,0,0,0,
0,0,0,0,0,0,0,0,0,0,0,0,0,0,0,0,0,6,14,22,30,38,45,52,57,55,50,56,64,57,49,41,33,25,17,9,1,0,0,0,0,0,0,0,0,0,0,0,0,0,
0,0,0,0,0,0,0,0,0,0,0,0,0,0,0,0,0,0,6,14,22,30,37,44,49,47,42,48,56,49,41,33,25,17,9,1,0,0,0,0,0,0,0,0,0,0,0,0,0,0,
0,0,0,0,0,0,0,0,0,0,0,0,0,0,0,0,0,0,0,0,0,0,0,0,0,0,0,0,0,0,0,0,0,0,0,0,0,0,0,0,0,0,0,0,0,0,0,0,0,0,
0,0,0,0,0,0,0,0,0,0,0,0,0,0,0,0,0,0,0,0,0,0,0,0,0,0,0,0,0,0,0,0,0,0,0,0,0,0,0,0,0,0,0,0,0,0,0,0,0,0,
