0,0,0,0,0,0,0,0,0,0,0,0,0,0,0,0,0,0,0,0,0,0,0,0,0,0,0,0,0,0,0,0,0,0,0,0,0,0,0,0,0,0,0,0,0,0,0,0,0,0,0,0,0,0,0,0,0,0,0,0,0,0,0,0,0,0,0,0,0,0,0,0,0,0,0,0,0,0,0,0,
0,0,0,0,0,0,0,0,0,0,0,0,0,0,0,0,0,0,0,0,0,0,0,0,0,0,0,0,0,0,0,0,0,0,0,0,0,0,0,0,0,0,0,0,0,0,0,0,0,0,0,0,0,0,0,0,0,0,0,0,0,0,0,0,0,0,0,0,0,0,0,0,0,0,0,0,0,0,0,0,
0,0,0,0,0,0,0,0,0,0,0,0,0,0,0,0,0,0,0,0,0,0,0,0,0,0,0,0,0,0,0,0,0,0,0,0,0,0,0,0,0,0,0,0,0,0,0,0,0,0,0,0,0,0,0,0,0,0,0,0,0,0,0,0,0,0,0,0,0,0,0,0,0,0,0,0,0,0,0,0,
0,0,0,0,0,0,0,0,0,0,0,0,0,0,0,0,0,0,0,0,0,0,0,0,0,0,0,0,0,0,0,0,0,0,0,0,0,0,0,0,0,0,0,0,0,0,0,0,0,0,0,0,0,0,0,0,0,0,0,0,0,0,0,0,0,0,0,0,0,0,0,0,0,0,0,0,0,0,0,0,
0,0,0,0,0,0,0,0,0,0,0,0,0,0,0,0,0,0,0,0,0,0,0,0,0,0,0,0,0,0,0,0,0,0,0,0,0,0,0,0,0,0,0,0,0,0,0,0,0,0,0,0,0,0,0,0,0,0,0,0,0,0,0,0,0,0,0,0,0,0,0,0,0,0,0,0,0,0,0,0,
0,0,0,0,0,0,0,0,0,0,0,0,0,0,0,0,0,0,0,0,0,0,0,0,0,0,0,0,0,0,0,0,0,0,0,0,0,0,0,0,0,0,0,0,0,0,0,0,0,0,0,0,0,0,0,0,0,0,0,0,0,0,0,0,0,0,0,0,0,0,0,0,0,0,0,0,0,0,0,0,
0,0,0,0,0,0,0,0,0,0,0,0,0,0,0,0,0,0,0,0,0,0,0,0,0,0,0,0,0,0,0,0,0,0,0,0,0,0,0,0,0,0,0,0,0,0,0,0,0,0,0,0,0,0,0,0,0,0,0,0,0,0,0,0,0,0,0,0,0,0,0,0,0,0,0,0,0,0,0,0,
0,0,0,0,0,0,0,0,0,0,0,0,0,0,0,0,0,0,0,0,0,0,0,0,0,0,0,0,0,0,0,0,0,0,0,0,0,0,0,0,0,0,0,0,0,0,0,0,0,0,0,0,0,0,0,0,0,0,0,0,0,0,0,0,0,0,0,0,0,0,0,0,0,0,0,0,0,0,0,0,
0,0,0,0,0,0,0,0,0,0,0,0,0,0,0,0,0,0,0,0,0,0,0,0,0,0,0,0,0,0,0,0,0,0,0,0,0,0,0,0,0,0,0,0,0,0,0,0,0,0,0,0,0,0,0,0,0,0,0,0,0,0,0,0,0,0,0,0,0,0,0,0,0,0,0,0,0,0,0,0,
0,0,0,0,0,0,0,0,0,0,0,0,0,0,0,0,0,0,0,0,0,0,0,0,0,0,0,0,0,0,0,0,0,0,0,0,0,0,0,0,0,0,0,0,0,0,0,0,0,0,0,0,0,0,0,0,0,0,0,0,0,0,0,0,0,0,0,0,0,0,0,0,0,0,0,0,0,0,0,0,
0,0,0,0,0,0,0,0,0,0,0,0,0,0,0,0,0,0,0,0,0,0,0,0,0,0,0,0,0,0,0,0,0,0,0,0,0,0,0,0,0,0,0,0,0,0,0,0,0,0,0,0,0,0,0,0,0,0,0,0,0,0,0,0,0,0,0,0,0,0,0,0,0,0,0,0,0,0,0,0,
0,0,0,0,0,0,0,0,0,0,0,0,0,0,0,0,0,0,0,0,0,0,0,0,0,0,0,0,0,0,0,0,0,0,0,0,0,0,0,0,0,0,0,0,0,0,0,0,0,0,0,0,0,0,0,0,0,0,0,0,0,0,0,0,0,0,0,0,0,0,0,0,0,0,0,0,0,0,0,0,
0,0,0,0,0,0,0,0,0,0,0,0,0,0,0,0,0,0,0,0,0,0,0,0,0,0,0,0,0,0,0,0,0,0,0,0,0,0,0,0,0,0,0,0,0,0,0,0,0,0,0,0,0,0,0,0,0,0,0,0,0,0,0,0,0,0,0,0,0,0,0,0,0,0,0,0,0,0,0,0,
0,0,0,0,0,0,0,0,0,0,0,0,0,0,0,0,0,0,0,0,0,0,0,0,0,0,0,0,0,0,0,0,0,0,0,0,0,0,0,0,0,0,0,0,0,0,0,0,0,0,0,0,0,0,0,0,0,0,0,0,0,0,0,0,0,0,0,0,0,0,0,0,0,0,0,0,0,0,0,0,
0,0,0,0,0,0,0,0,0,0,0,0,0,0,0,0,0,0,0,0,0,0,0,0,0,0,0,0,0,0,0,0,0,0,0,0,0,0,0,0,0,0,0,0,0,0,0,0,0,0,0,0,0,0,0,0,0,0,0,0,0,0,0,0,0,0,0,0,0,0,0,0,0,0,0,0,0,0,0,0,
0,0,0,0,0,0,0,0,0,0,0,0,0,0,0,0,0,0,0,0,0,0,0,0,0,0,0,0,0,0,0,0,0,0,0,0,0,0,0,0,0,0,0,0,0,0,0,0,0,0,0,0,0,0,0,0,0,0,0,0,0,0,0,0,0,0,0,0,0,0,0,0,0,0,0,0,0,0,0,0,
0,0,0,0,0,0,0,0,0,0,0,0,0,0,0,0,0,0,0,0,0,0,0,0,0,0,0,0,0,0,0,0,0,0,0,0,0,0,0,0,0,0,0,0,0,0,0,0,0,0,0,0,0,0,0,0,0,0,0,6,6,1,4,0,0,0,0,0,0,0,0,0,0,0,0,0,0,0,0,0,
0,0,0,0,0,0,0,0,0,0,0,0,0,0,0,0,0,0,0,0,0,0,0,0,0,0,0,0,0,0,0,0,0,0,0,0,0,0,0,0,0,0,0,0,0,0,0,0,0,0,0,0,0,0,0,0,6,6,8,14,14,9,12,5,4,0,0,0,0,0,0,0,0,0,0,0,0,0,0,0,
0,0,0,0,0,0,0,0,0,0,0,0,0,0,0,0,0,0,0,0,0,0,0,0,0,0,0,0,0,0,0,0,0,0,0,0,0,0,0,0,0,0,0,0,0,0,0,0,0,0,0,0,0,6,6,6,14,14,16,22,22,17,20,13,12,5,0,0,0,0,0,0,0,0,0,0,0,0,0,0,
0,0,0,0,0,0,0,0,0,0,0,0,0,0,0,0,0,0,0,0,0,0,0,0,0,0,0,0,0,0,0,0,0,0,0,0,0,0,0,0,0,0,0,0,0,0,0,0,0,0,2,6,6,14,14,14,22,22,22,22,22,25,28,21,20,13,5,1,1,0,0,0,0,0,0,0,0,0,0,0,
0,0,0,0,0,0,0,0,0,0,0,0,0,0,0,0,0,0,0,0,0,0,0,0,0,0,0,2,0,0,0,0,0,0,0,0,0,0,0,0,0,0,0,0,0,0,0,0,6,6,10,14,14,22,22,22,22,22,25,28,28,33,33,28,28,21,13,9,9,8,8,8,1,0,0,0,0,0,0,0,
0,0,0,0,0,0,0,0,0,0,0,0,0,0,0,0,0,0,0,0,0,0,0,0,0,0,2,10,2,2,2,0,0,0,0,0,0,0,0,0,0,0,0,0,0,6,6,8,14,14,18,22,22,22,22,25,28,28,33,33,33,33,33,36,36,29,21,17,17,16,16,16,9,2,0,0,0,0,0,0,
0,0,0,0,0,0,0,0,0,0,0,0,0,0,0,0,0,0,0,0,0,0,0,0,0,2,10,18,10,10,10,2,0,0,0,0,0,0,0,0,0,0,0,2,6,14,14,16,22,22,20,22,25,28,28,33,33,33,33,33,36,36,36,36,36,30,29,25,25,24,24,24,17,10,3,0,0,0,0,0,
0,0,0,0,0,0,0,0,0,0,0,0,0,0,0,0,0,0,0,0,0,0,0,0,2,10,18,26,18,18,18,10,2,0,0,0,0,0,0,0,0,2,7,10,14,22,22,22,19,20,26,28,28,33,33,33,33,36,36,36,36,36,36,36,36,38,37,33,33,32,32,32,25,18,11,4,0,0,0,0,
0,0,0,0,0,-4,-3,-3,0,0,0,0,0,0,0,0,0,0,0,0,0,0,0,2,10,18,26,34,26,26,26,18,10,2,0,0,0,0,0,0,4,10,10,15,17,14,17,25,23,26,33,33,31,33,33,36,36,36,36,37,37,36,38,38,43,43,45,41,41,40,40,40,33,26,19,12,5,0,0,0,
0,0,0,0,0,-6,-5,-3,-3,-3,-2,0,0,0,0,0,0,0,0,0,0,0,2,10,18,26,34,42,34,34,34,26,18,10,2,0,0,0,3,3,9,12,18,23,17,22,25,33,31,30,28,28,34,36,36,36,36,35,37,45,45,44,43,46,51,51,53,49,49,48,48,48,41,34,27,20,13,5,0,0,
0,0,0,0,0,-6,-7,-6,-5,-3,0,0,0,0,0,0,0,0,0,0,0,2,10,18,26,34,42,45,42,42,42,34,26,18,10,2,0,0,4,7,15,20,15,23,25,22,27,25,26,28,36,36,36,34,37,37,40,43,45,47,50,52,51,54,57,59,61,57,57,53,56,52,49,42,35,28,21,13,0,0,
0,0,0,0,-10,-8,-7,-8,-7,-7,0,0,0,0,0,0,0,0,0,0,5,10,18,26,34,42,50,49,45,45,45,42,34,26,18,10,2,7,12,15,21,28,20,23,17,17,19,26,34,36,29,29,29,37,33,32,37,45,42,43,48,46,51,57,65,67,69,61,58,58,54,54,57,50,43,36,29,21,0,0,
0,0,0,0,-12,-11,-11,-10,-9,-8,0,0,0,0,0,0,0,0,0,6,13,18,26,34,42,50,51,24,47,47,48,50,42,34,26,18,10,15,20,21,29,22,27,21,23,25,19,27,26,28,24,29,32,33,35,35,43,44,50,48,56,54,59,57,57,59,61,61,63,59,59,59,55,55,51,44,37,29,0,0,
0,0,0,0,-14,-13,-11,-10,-12,-1,0,0,0,0,0,0,0,0,6,14,21,20,28,36,44,52,22,45,-13,45,22,58,50,42,34,26,18,20,20,24,22,30,22,20,16,17,19,24,30,34,32,37,40,41,43,43,46,50,51,53,55,55,60,60,58,65,63,69,71,67,67,67,63,63,56,49,42,34,0,0,
0,0,0,-14,-16,-15,-14,-12,-13,0,0,0,0,0,0,0,0,6,14,22,27,28,36,44,52,60,47,43,43,44,44,60,53,45,37,29,21,15,19,27,24,22,17,12,16,21,24,21,24,30,36,39,39,42,45,46,49,49,43,45,47,49,52,53,61,61,65,68,67,64,63,63,62,56,49,42,35,27,0,0,
0,0,0,-17,-16,-17,-16,-16,-13,0,0,0,0,0,0,0,6,14,22,30,35,27,33,37,45,53,45,41,41,42,44,68,61,53,45,37,29,23,19,19,18,26,21,17,18,18,20,18,21,27,35,31,32,38,37,38,41,41,47,50,51,57,59,60,63,65,67,67,64,63,60,59,56,49,42,35,28,20,0,0,
0,0,0,-20,-18,-19,-18,-19,-8,0,0,0,5,8,2,3,11,19,27,26,27,33,25,31,39,47,-2,39,40,40,40,61,54,46,38,30,23,15,22,21,16,18,14,16,18,26,19,21,29,25,27,32,40,32,34,36,39,47,46,49,50,50,52,59,55,58,63,60,57,56,56,52,49,42,35,28,20,12,0,0,
0,0,-5,-22,-22,-19,-20,-19,0,0,0,5,13,16,10,7,15,17,24,27,32,25,31,39,47,53,40,37,38,38,38,59,52,44,36,28,20,15,14,13,13,21,22,16,24,19,27,24,23,31,33,37,32,36,36,44,43,46,41,44,48,48,51,56,62,61,59,63,59,55,55,54,48,41,34,27,19,11,0,0,
0,0,-24,-24,-23,-22,-22,-21,0,0,5,13,21,24,18,11,17,25,32,24,24,32,33,41,49,54,32,35,30,45,41,58,51,43,35,27,19,18,20,19,13,13,14,14,16,17,19,23,31,23,25,29,33,36,39,43,38,44,41,44,46,51,54,50,54,53,52,55,53,52,52,51,45,38,31,24,16,8,0,0,
0,0,-27,-26,-25,-24,-24,-6,0,5,13,21,29,32,26,19,23,22,24,26,29,24,25,33,41,46,30,33,25,48,44,51,44,36,28,20,12,10,12,11,12,15,19,16,17,25,20,23,23,27,33,33,30,31,34,35,38,39,47,47,50,46,49,53,61,57,57,61,54,57,53,53,46,39,32,25,17,9,0,0,
0,0,-28,-28,-27,-26,-25,-2,5,13,21,29,37,40,34,27,23,22,29,24,21,26,31,39,47,37,35,31,-24,40,41,58,51,43,35,27,19,15,17,13,13,16,11,11,19,17,23,20,27,27,26,34,31,31,34,40,41,44,45,42,45,47,55,55,53,49,49,53,54,50,50,48,46,39,32,25,17,9,0,0,
0,-24,-30,-30,-29,-28,-19,1,9,17,25,33,35,36,32,29,21,22,21,18,26,24,23,31,39,16,36,29,30,31,38,50,43,35,27,19,11,7,10,11,6,8,14,13,16,24,19,27,23,23,25,26,34,34,40,35,39,40,48,45,51,46,47,47,51,57,56,59,61,57,57,56,50,43,36,29,21,13,0,0,
0,-33,-32,-31,-30,-30,-7,9,17,25,33,41,43,44,40,37,29,21,26,23,21,20,28,36,44,13,32,27,28,28,45,53,45,37,29,21,13,8,11,6,5,10,8,16,14,16,17,19,21,26,28,31,29,30,33,41,38,42,40,41,43,46,49,52,55,54,57,57,57,57,56,50,43,35,28,21,13,5,0,0,
0,-21,-33,-33,-31,-30,-3,5,13,17,25,33,35,36,33,30,22,22,18,18,17,17,20,28,36,9,25,25,25,23,47,46,38,30,22,14,9,10,3,3,5,7,15,12,20,21,25,25,24,27,24,29,35,38,38,33,34,37,42,49,49,47,55,52,57,54,54,56,54,53,49,42,35,27,20,13,5,0,0,0,
0,-14,-21,-21,-34,-15,0,8,16,21,29,37,39,40,37,30,22,22,20,18,14,15,23,31,39,27,23,23,24,19,40,43,35,27,19,11,3,2,1,9,5,6,8,11,12,20,18,21,19,24,32,26,27,30,30,36,42,45,40,42,43,51,51,54,54,54,53,53,50,45,41,34,27,19,12,5,0,0,0,0,
0,-9,-14,-14,-21,-9,0,8,16,21,29,34,38,32,29,22,14,14,12,10,17,17,15,23,31,-16,21,21,21,22,43,36,28,20,12,4,0,0,0,1,8,14,11,15,19,12,19,22,25,23,24,24,27,35,36,32,35,38,45,45,47,47,48,51,50,50,46,45,42,37,33,26,19,11,4,0,0,0,0,0,
0,-9,-9,-9,-14,-2,0,1,9,13,21,26,30,30,32,29,21,16,12,12,9,10,18,26,34,23,19,19,19,20,44,37,29,21,13,5,0,0,0,0,3,6,6,8,11,15,16,15,17,21,29,32,28,27,32,38,38,40,41,42,46,44,44,47,42,42,38,37,34,29,25,18,11,3,0,0,0,0,0,0,
0,-9,-9,-9,-9,0,1,9,17,20,28,30,33,31,31,24,16,16,14,14,12,10,18,26,34,21,17,17,17,18,40,33,25,17,9,1,0,0,0,0,3,3,8,16,15,12,15,23,23,20,22,25,31,32,32,35,39,38,40,41,42,36,36,39,34,34,30,29,26,21,17,10,3,0,0,0,0,0,0,0,
0,-7,-9,-9,-9,0,0,1,9,15,23,23,25,24,23,17,10,12,7,7,11,9,11,19,27,19,15,12,15,16,33,26,18,10,2,0,0,0,0,1,9,3,6,8,10,12,15,16,23,25,28,28,28,35,36,36,36,37,32,33,34,28,28,31,26,26,22,21,18,13,9,2,0,0,0,0,0,0,0,0,
0,-9,-9,-9,-6,0,0,3,11,11,18,21,24,32,29,22,14,6,6,3,3,3,11,19,27,17,1,26,-4,14,29,22,14,6,0,0,0,0,0,0,1,3,6,10,18,18,21,22,19,27,28,29,29,32,32,28,28,29,27,26,26,20,20,23,18,18,14,13,10,5,1,0,0,0,0,0,0,0,0,0,
0,-9,-9,-11,0,0,0,5,12,14,22,24,23,29,25,17,9,3,0,0,3,11,19,27,32,9,-47,19,-10,12,28,21,13,5,0,0,0,0,0,0,0,3,9,9,10,10,13,14,22,20,21,25,21,24,24,21,23,23,19,18,18,12,12,15,10,10,6,5,2,0,0,0,0,0,0,0,0,0,0,0,
0,-3,-6,-9,-2,0,0,0,6,14,22,24,26,25,24,16,8,0,0,0,0,3,11,19,24,7,9,10,10,10,32,25,17,9,1,0,0,0,0,0,1,9,9,12,16,10,13,16,14,16,15,17,19,21,20,17,15,15,11,10,10,4,4,7,2,2,0,0,0,0,0,0,0,0,0,0,0,0,0,0,
0,-3,-3,-3,-1,0,0,0,0,7,12,20,22,21,17,9,1,0,0,0,0,7,15,23,10,7,7,8,8,13,25,18,10,2,0,0,0,0,0,0,0,6,9,9,11,13,13,10,12,13,13,13,16,13,12,9,7,7,3,2,2,0,0,0,0,0,0,0,0,0,0,0,0,0,0,0,0,0,0,0,
0,-4,-4,-2,0,0,0,0,0,6,11,14,18,16,14,6,0,0,0,0,0,1,9,17,11,5,5,6,6,20,27,20,12,4,0,0,0,0,0,0,0,0,1,1,3,5,9,11,10,12,14,6,8,5,4,1,0,0,0,0,0,0,0,0,0,0,0,0,5,0,0,0,0,0,0,0,0,0,0,0,
0,-5,-3,-2,-1,-1,0,0,0,0,7,9,13,14,6,1,0,0,0,0,0,0,4,12,7,3,3,4,4,27,20,12,4,0,0,0,0,0,0,0,0,0,0,0,0,0,1,3,2,4,6,0,0,0,0,0,0,0,0,0,0,0,0,0,7,2,7,7,13,6,0,0,0,0,0,0,0,0,0,0,
0,-8,-7,-7,-5,-1,0,0,0,2,10,11,11,7,13,9,1,0,0,0,0,0,1,9,-34,1,1,1,2,32,25,17,9,1,0,0,0,0,0,0,0,0,0,0,0,0,0,0,0,0,0,0,0,0,0,0,0,0,0,0,0,3,3,8,15,10,15,15,21,14,7,7,7,8,1,0,0,0,0,0,
0,-8,-7,-7,-5,-5,-2,0,0,5,12,10,12,15,9,11,4,0,0,0,0,0,7,15,-9,3,-1,0,0,24,17,9,1,0,0,0,0,0,0,0,0,0,0,0,0,0,0,0,0,0,0,0,0,0,0,0,0,0,0,3,6,11,11,16,23,18,23,23,29,22,15,15,15,16,9,2,0,0,0,0,
0,-8,-7,-7,-5,-5,-1,0,0,0,5,9,12,11,17,18,12,6,0,0,0,0,0,7,-15,4,-3,-3,-2,27,20,12,4,0,0,0,0,0,0,0,0,0,0,0,0,0,0,0,0,0,0,0,0,0,0,0,0,7,7,11,14,19,19,24,31,26,31,31,37,30,23,23,23,24,17,10,3,0,0,0,
0,-8,-7,-5,-5,-2,-1,0,0,5,5,9,9,11,11,11,12,9,6,1,0,0,5,13,-19,0,-5,-5,-4,21,14,6,0,0,0,0,0,0,0,0,0,0,0,0,0,0,0,0,0,0,0,0,0,0,3,7,7,15,15,19,22,27,27,32,39,34,39,39,45,38,31,31,31,32,25,18,11,3,0,0,
0,-9,-7,-7,-3,-2,0,0,0,0,5,6,11,11,11,17,19,17,12,9,3,0,0,5,-21,-7,-7,-6,-6,17,9,1,0,0,0,0,0,0,0,0,0,0,0,0,0,0,0,0,0,0,0,0,4,4,11,15,15,23,23,27,30,35,35,40,47,42,46,45,49,45,38,39,39,40,33,26,19,11,0,0,
0,-7,-7,-4,-3,-2,-1,0,0,0,3,6,6,14,16,9,12,9,11,14,11,3,2,10,-5,-9,-9,-9,-8,24,17,9,1,0,0,0,0,0,0,0,0,0,0,0,0,0,0,0,0,0,0,4,12,12,19,23,23,31,30,35,38,43,43,46,46,48,50,53,55,53,46,42,47,48,41,34,27,19,0,0,
0,-2,-7,-4,-2,-2,-1,0,0,0,3,3,11,6,9,11,17,17,11,8,11,11,8,3,-10,-6,-6,-11,-10,17,9,1,0,0,0,0,0,0,0,0,0,0,0,0,0,0,0,4,4,6,8,12,20,20,24,28,31,39,38,43,46,41,45,49,54,56,58,52,60,53,49,47,43,49,49,42,35,27,0,0,
0,-2,-2,-2,-2,-1,0,0,0,0,0,3,3,5,11,6,9,9,7,11,11,11,11,7,8,0,1,-2,-7,20,13,5,0,0,0,0,0,0,0,0,0,0,0,0,0,0,8,12,12,14,13,17,20,28,32,36,36,31,34,35,38,39,42,41,46,48,51,51,52,59,52,55,51,57,52,45,38,30,0,0,
0,-2,-2,-2,-2,-1,0,0,0,0,0,0,6,11,3,6,9,12,7,11,11,9,9,15,12,8,8,12,6,13,6,1,0,0,0,0,0,0,0,0,0,0,0,0,0,8,16,20,20,22,21,25,23,23,25,28,28,34,42,38,46,47,50,45,45,53,59,54,53,52,53,49,49,49,48,46,39,31,0,0,
0,-2,-2,-2,-2,-1,0,0,0,0,0,0,0,3,8,9,3,4,7,6,6,11,9,9,14,12,15,19,12,8,12,9,1,0,0,0,0,0,0,0,0,0,0,0,6,11,18,23,15,15,20,28,29,31,33,35,36,37,34,37,38,39,42,43,50,46,51,50,53,55,56,56,55,51,56,49,42,34,0,0,
0,-1,-1,-2,-1,0,0,0,0,0,0,0,0,0,0,1,6,6,4,8,8,6,9,9,8,14,17,12,14,12,20,17,9,7,7,4,7,0,2,0,0,0,0,6,14,19,14,19,15,23,24,20,21,23,25,27,28,32,40,43,44,46,48,51,52,54,55,58,52,60,53,49,49,48,49,49,42,34,0,0,
0,0,0,0,0,0,0,0,0,0,0,0,0,0,0,0,0,0,7,3,3,6,12,12,8,9,10,12,12,20,12,12,14,15,9,12,15,7,10,7,0,0,1,6,8,13,17,19,11,15,17,25,28,28,32,32,36,37,35,36,44,38,40,43,44,50,50,50,51,52,59,52,55,51,57,52,45,37,0,0,
0,0,0,0,0,0,0,0,0,0,0,0,0,0,0,0,0,0,0,6,6,3,4,4,6,9,14,14,11,12,12,12,15,18,15,14,11,8,15,15,7,1,9,14,16,21,25,17,14,22,21,17,20,21,24,25,28,29,31,33,36,39,47,47,45,45,50,57,59,58,52,53,49,49,49,48,46,38,0,0,
0,0,0,0,0,0,0,0,0,0,0,0,0,0,0,0,0,0,0,0,0,6,3,6,8,11,7,7,9,17,17,14,9,10,18,14,14,15,23,23,15,7,7,10,12,14,17,16,11,14,15,23,21,29,31,33,35,36,39,40,41,37,39,43,51,53,58,50,51,52,60,56,56,55,51,54,49,41,0,0,
0,0,0,0,0,0,0,0,0,0,0,0,0,0,0,0,0,0,0,0,0,0,3,9,3,4,6,12,14,9,9,6,14,9,10,12,20,20,15,15,12,15,15,17,15,17,25,17,14,22,23,26,24,21,23,25,27,28,31,32,37,45,46,49,43,45,50,51,55,59,60,56,56,55,55,53,46,38,0,0,
0,0,0,0,0,0,0,0,0,0,0,0,0,0,0,0,0,0,0,0,0,0,0,1,2,9,8,4,6,6,6,12,6,7,15,17,12,12,12,18,15,15,11,12,12,10,17,12,20,14,15,18,20,28,31,29,32,36,38,40,41,37,38,41,44,49,50,53,56,57,56,53,52,52,53,46,39,31,0,0,
0,0,0,0,0,0,0,0,0,0,0,0,0,0,0,0,0,0,0,0,0,0,0,0,0,1,1,8,11,9,12,4,6,9,7,9,9,9,15,10,9,10,18,12,14,18,20,19,12,14,20,17,19,20,27,35,37,39,31,32,33,36,43,43,45,49,52,56,54,53,53,52,52,53,46,39,32,24,0,0,
0,0,0,0,0,0,0,0,0,0,0,0,0,0,0,0,0,0,0,0,0,0,0,0,0,0,0,0,3,1,4,9,9,3,6,14,14,14,7,9,9,12,10,9,11,10,12,11,13,11,15,23,26,27,29,27,29,31,32,33,39,39,43,45,48,52,55,52,50,49,49,48,51,46,39,32,24,16,0,0,
0,0,0,0,0,0,0,0,0,0,0,0,0,0,0,0,0,0,0,0,0,0,0,0,0,0,0,0,0,0,0,1,1,6,9,6,6,6,12,12,9,6,9,9,11,15,16,17,19,15,23,23,18,19,21,25,29,32,35,35,39,40,46,48,48,48,48,48,50,49,48,48,46,38,31,24,16,8,0,0,
0,0,0,0,0,0,0,0,0,0,0,0,0,0,0,0,0,0,0,0,0,0,0,0,0,0,0,0,0,0,0,0,0,0,1,3,9,9,4,4,4,12,12,12,6,7,8,9,11,17,15,15,18,26,25,28,29,32,34,36,42,38,42,44,44,44,47,45,46,45,45,41,38,30,23,16,8,0,0,0,
0,0,0,0,0,0,0,0,0,0,0,0,0,0,0,0,0,0,0,0,0,0,0,0,0,0,0,0,0,0,0,0,0,0,0,0,1,1,3,9,9,4,4,4,6,14,12,14,10,9,14,17,20,18,25,32,30,35,34,34,38,34,38,40,40,41,44,44,42,45,38,33,30,22,15,8,0,0,0,0,
0,0,0,0,0,0,0,0,0,0,0,0,0,0,0,0,0,0,0,0,0,0,0,0,0,0,0,0,0,0,0,0,0,0,0,0,0,0,0,1,1,3,9,9,9,6,4,9,17,17,11,14,20,24,24,25,28,28,27,31,34,34,35,37,37,37,40,40,38,37,30,25,22,14,7,0,0,0,0,0,
0,0,0,0,0,0,0,0,0,0,0,0,0,0,0,0,0,0,0,0,0,0,0,0,0,0,0,0,0,0,0,0,0,0,0,0,0,0,0,0,0,0,1,1,1,2,6,7,9,9,14,19,18,22,23,23,24,26,30,27,31,30,31,33,36,36,36,32,30,29,22,17,14,6,0,0,0,0,0,0,
0,0,0,0,0,0,0,0,0,0,0,0,0,0,0,0,0,0,0,0,0,0,0,0,0,0,0,0,0,0,0,0,0,0,0,0,0,0,0,0,0,0,0,0,0,0,3,7,14,15,15,17,19,22,23,23,23,26,27,27,27,26,30,32,29,28,29,24,22,21,14,9,6,0,0,0,0,0,0,0,
0,0,0,0,0,0,0,0,0,0,0,0,0,0,0,0,0,0,0,0,0,0,0,0,0,0,0,0,0,0,0,0,0,0,0,0,0,0,0,0,0,0,0,0,0,0,5,8,16,14,15,15,19,19,19,19,20,22,23,23,23,19,22,24,21,20,21,16,14,13,6,1,0,0,0,0,0,0,0,0,
0,0,0,0,0,0,0,0,0,0,0,0,0,0,0,0,0,0,0,0,0,0,0,0,0,0,0,0,0,0,0,0,0,0,0,0,0,0,0,0,0,0,0,0,0,0,2,10,9,7,11,13,15,16,16,19,19,18,19,16,16,11,14,16,13,12,13,8,6,5,0,0,0,0,0,0,0,0,0,0,
0,0,0,0,0,0,0,0,0,0,0,0,0,0,0,0,0,0,0,0,0,0,0,0,0,0,0,0,0,0,0,0,0,0,0,0,0,0,0,0,0,0,0,0,0,0,2,7,10,8,8,6,12,9,12,15,13,11,11,8,8,3,6,8,5,4,5,0,0,0,0,0,0,0,0,0,0,0,0,0,
0,0,0,0,0,0,0,0,0,0,0,0,0,0,0,0,0,0,0,0,0,0,0,0,0,0,0,0,0,0,0,0,0,0,0,0,0,0,0,0,0,0,0,0,0,0,0,5,3,6,6,7,10,13,10,7,5,3,3,0,0,0,0,0,0,0,0,0,0,0,0,0,0,0,0,0,0,0,0,0,
0,0,0,0,0,0,0,0,0,0,0,0,0,0,0,0,0,0,0,0,0,0,0,0,0,0,0,0,0,0,0,0,0,0,0,0,0,0,0,0,0,0,0,0,0,0,0,0,0,0,3,7,3,5,2,0,0,0,0,0,0,0,0,0,0,0,0,0,0,0,0,0,0,0,0,0,0,0,0,0,
0,0,0,0,0,0,0,0,0,0,0,0,0,0,0,0,0,0,0,0,0,0,0,0,0,0,0,0,0,0,0,0,0,0,0,0,0,0,0,0,0,0,0,0,0,0,0,0,0,0,0,0,0,0,0,0,0,0,0,0,0,0,0,0,0,0,0,0,0,0,0,0,0,0,0,0,0,0,0,0,
0,0,0,0,0,0,0,0,0,0,0,0,0,0,0,0,0,0,0,0,0,0,0,0,0,0,0,0,0,0,0,0,0,0,0,0,0,0,0,0,0,0,0,0,0,0,0,0,0,0,0,0,0,0,0,0,0,0,0,0,0,0,0,0,0,0,0,0,0,0,0,0,0,0,0,0,0,0,0,0,
0,0,0,0,0,0,0,0,0,0,0,0,0,0,0,0,0,0,0,0,0,0,0,0,0,0,0,0,0,0,0,0,0,0,0,0,0,0,0,0,0,0,0,0,0,0,0,0,0,0,0,0,0,0,0,0,0,0,0,0,0,0,0,0,0,0,0,0,0,0,0,0,0,0,0,0,0,0,0,0,
0,0,0,0,0,0,0,0,0,0,0,0,0,0,0,0,0,0,0,0,0,0,0,0,0,0,0,0,0,0,0,0,0,0,0,0,0,0,0,0,0,0,0,0,0,0,0,0,0,0,0,0,0,0,0,0,0,0,0,0,0,0,0,0,0,0,0,0,0,0,0,0,0,0,0,0,0,0,0,0,
